#CORES
13
8 0 0 0
2 255 0 0 
3 0 255 0 
4 255 255 255
5 49 205 54
6 152 141 94
7 254 0 9
8 0 0 0
9 152 46 58
10 203 73 90
11 194 64 81
12 0 87 168
13 171 170 166

#OBJETO
5 4
8 1 1 1 
1 3 3 1
1 3 3 1
2 2 2 2
1 1 1 1
5 3
1 3 1 
3 3 3
3 1 3
3 1 3
3 1 3
2 6
1 3 1 1 3 1
3 3 3 3 3 3
16 16
1 1 1 1 8 8 8 8 8 8 8 8 1 1 1 1
1 1 1 8 8 4 4 7 7 4 4 8 8 1 1 1
1 1 8 8 4 4 4 7 7 4 4 4 8 8 1 1
1 8 8 7 4 4 7 7 7 7 4 4 7 8 8 1
1 8 1 7 7 7 7 7 7 7 7 7 7 4 8 1
8 8 4 4 7 7 4 4 4 4 7 7 4 4 8 8
8 4 4 4 7 4 4 4 4 4 4 7 4 4 4 8
8 4 4 4 7 4 4 4 4 4 4 7 4 4 4 8
8 4 4 7 7 4 4 4 4 4 4 7 7 4 4 8
8 7 7 7 7 7 4 4 4 4 7 7 7 7 7 8
8 7 7 8 8 8 8 8 8 8 8 8 8 7 7 8
8 8 8 8 6 6 8 6 6 8 6 6 8 8 8 8
1 8 8 6 6 6 8 6 6 8 6 6 6 8 8 1
1 1 8 6 6 6 6 6 6 6 6 6 6 8 1 1
1 1 8 8 6 6 6 6 6 6 6 6 8 8 1 1
1 1 1 8 8 8 8 8 8 8 8 8 8 1 1 1
18 17
1 1 1 1 1 1 1 8 8 8 1 1 1 1 1 1 1
1 1 1 1 1 1 1 8 4 8 1 1 1 1 1 1 1
1 1 1 1 1 1 1 8 4 8 1 1 1 1 1 1 1
1 1 1 1 1 1 8 8 4 8 8 1 1 1 1 1 1
1 1 1 1 1 1 8 4 4 4 8 1 1 1 1 1 1
1 1 1 8 8 8 8 4 4 4 8 8 8 8 1 1 1
1 1 1 8 2 8 8 4 4 4 8 8 2 8 1 1 1
1 1 1 8 2 8 8 4 4 4 8 8 2 8 1 1 1
8 8 8 8 4 8 4 4 4 4 4 8 4 8 8 8 8
8 2 8 8 4 12 4 4 4 4 4 12 4 8 8 2 8
8 2 8 8 12 4 4 4 4 4 4 4 12 8 8 2 8
8 4 8 8 4 4 4 4 4 4 4 4 4 8 8 4 8
8 4 8 4 4 4 4 4 4 4 4 4 4 4 8 4 8
8 4 4 4 4 4 2 4 4 4 2 4 4 4 4 4 8
8 4 4 4 8 2 2 4 4 4 2 2 8 4 4 4 8
8 4 4 8 8 2 2 8 4 8 2 2 8 8 4 4 8
8 4 8 8 8 8 8 8 4 8 8 8 8 8 8 4 8
8 8 8 1 1 1 1 8 8 8 1 1 1 1 8 8 8
22 13
1 1 1 1 1 1 8 1 1 1 1 1 1
1 1 1 1 1 8 13 8 1 1 1 1 1
1 1 1 1 8 13 13 13 8 1 1 1 1
1 1 1 1 8 13 8 13 8 1 1 1 1
1 1 1 8 13 8 12 8 13 8 1 1 1
1 1 1 8 13 8 12 8 13 8 1 1 1
1 1 8 13 13 13 8 13 13 13 8 1 1
1 1 8 13 13 8 12 8 13 13 8 1 1
1 1 8 13 13 8 12 8 13 13 8 1 1
1 1 8 13 13 13 8 13 13 13 8 1 1
1 1 8 13 13 8 12 8 13 13 8 1 1
1 1 8 13 13 8 12 8 13 13 8 1 1
1 1 8 13 13 13 8 13 13 13 8 1 1
1 1 1 8 13 13 13 13 13 8 1 1 1
1 1 8 8 13 13 13 13 13 8 8 1 1
1 8 2 8 13 13 13 13 13 8 2 8 1
8 2 2 8 13 13 13 13 13 8 2 2 8
8 2 2 8 13 13 13 13 13 8 2 2 8
8 2 2 8 13 13 13 13 13 8 2 2 8
1 8 2 2 8 8 8 8 8 2 2 8 1
1 8 2 8 1 1 1 1 1 8 2 8 1
1 8 2 8 1 1 1 1 1 8 2 8 1
1 1 8 1 1 1 1 1 1 1 8 1 1